41,-1
254,-1
224,-1
225,-1
3,-1
259,-1
57,-1
252,-1
251,-1
245,-1
325,506
324,508
228,-1
212,-1
59,-1
103,510
64,-1
244,-1
242,-1
328,506
44,-1
312,507
54,-1
354,521
15,-1
2,-1
42,-1
38,-1
9,-1
263,-1
234,-1
226,-1
60,-1
352,525
250,-1
115,510
102,510
109,508
6,-1
243,-1
326,508
222,-1
218,-1
351,534
164,527
258,-1
322,504
106,508
232,-1
318,506
215,-1
213,-1
17,-1
363,523
159,539
219,-1
315,505
332,508
313,506
52,-1
160,527
16,-1
319,506
43,-1
117,511
14,-1
201,-1
241,-1
116,506
255,-1
138,542
26,-1
301,505
45,-1
114,508
256,-1
141,575
126,505
235,-1
359,573
7,-1
18,-1
28,-1
208,-1
223,-1
216,-1
46,-1
31,-1
107,507
118,507
316,504
128,508
61,-1
345,583
323,509
308,511
157,589
39,-1
36,-1
131,511
154,577
343,561
32,-1
344,585
50,-1
35,-1
23,-1
51,-1
204,-1
144,588
342,591
4,-1
123,505
132,510
304,505
350,580
335,537
25,-1
237,-1
55,-1
56,-1
334,590
104,510
209,-1
142,597
11,-1
125,508
30,-1
355,558
20,-1
309,506
10,-1
358,586
130,505
120,504
233,-1
111,510
110,505
239,-1
19,-1
47,-1
135,535
63,-1
341,575
119,504
146,558
238,-1
248,-1
161,555
21,-1
205,-1
139,553
27,-1
143,589
152,594
121,505
231,-1
8,-1
127,505
210,-1
49,-1
305,510
108,504
247,-1
12,-1
310,505
331,509
40,-1
333,532
53,-1
33,-1
145,597
356,596
62,-1
112,509
257,-1
203,-1
1,-1
48,-1
246,-1
136,581
261,-1
249,-1
303,506
34,-1
101,507
230,-1
206,-1
236,-1
348,541
260,-1
227,-1
153,522
330,506
58,-1
151,587
202,-1
150,592
24,-1
306,511
217,-1
302,504
327,510
214,-1
147,563
163,562
156,585
317,506
37,-1
337,590
124,511
155,591
314,508
262,-1
133,543
221,-1
134,531
264,-1
148,539
347,555
253,-1
240,-1
321,506
349,540
339,585
211,-1
140,558
22,-1
162,554
5,-1
207,-1
311,505
122,504
13,-1
220,-1
307,504
346,556
149,576
29,-1
105,509
137,531
338,594
320,507
336,554
113,510
229,-1
357,570
129,508
360,557
362,535
340,528
158,556
329,506
361,571
353,533
364,537
