51,-1
44,-1
252,-1
37,-1
235,-1
250,-1
63,-1
232,-1
23,-1
62,-1
55,-1
52,-1
332,504
205,-1
254,-1
208,-1
251,-1
241,-1
13,-1
123,510
46,-1
308,505
305,508
64,-1
50,-1
59,-1
144,524
163,520
231,-1
32,-1
113,511
229,-1
12,-1
57,-1
331,505
18,-1
132,506
248,-1
41,-1
329,507
112,507
213,-1
118,506
201,-1
43,-1
350,539
21,-1
29,-1
313,506
164,525
301,506
121,504
216,-1
30,-1
11,-1
351,538
129,508
236,-1
151,557
25,-1
111,505
316,508
141,523
130,509
42,-1
146,544
162,556
341,549
125,508
253,-1
234,-1
3,-1
207,-1
214,-1
152,562
24,-1
247,-1
56,-1
314,504
103,507
124,504
157,547
233,-1
209,-1
307,511
261,-1
354,571
335,582
204,-1
38,-1
246,-1
15,-1
222,-1
48,-1
159,568
309,511
304,507
137,593
353,528
211,-1
352,597
115,509
58,-1
322,510
311,504
19,-1
227,-1
224,-1
33,-1
4,-1
155,599
150,586
327,505
348,575
104,504
119,509
39,-1
156,539
240,-1
324,511
210,-1
226,-1
45,-1
27,-1
10,-1
9,-1
143,581
326,505
5,-1
127,505
218,-1
310,510
54,-1
8,-1
110,509
318,504
249,-1
109,511
105,509
28,-1
108,506
259,-1
238,-1
336,585
202,-1
60,-1
128,506
257,-1
47,-1
228,-1
245,-1
1,-1
26,-1
302,508
328,504
142,590
217,-1
334,586
133,549
158,556
138,570
61,-1
101,510
317,506
126,511
212,-1
40,-1
22,-1
35,-1
160,523
312,504
347,594
230,-1
239,-1
122,506
346,584
215,-1
330,504
333,595
361,593
148,586
206,-1
154,549
243,-1
256,-1
20,-1
223,-1
315,510
306,506
16,-1
7,-1
225,-1
120,506
49,-1
323,507
258,-1
116,506
107,506
340,579
244,-1
36,-1
242,-1
325,510
263,-1
139,587
2,-1
349,569
359,565
237,-1
135,540
34,-1
338,568
220,-1
264,-1
203,-1
102,509
339,542
262,-1
53,-1
145,596
221,-1
31,-1
260,-1
320,510
303,509
345,574
342,524
219,-1
136,527
321,508
255,-1
14,-1
131,510
134,522
319,506
343,551
364,522
147,588
356,553
153,520
6,-1
140,574
114,510
357,595
337,535
161,583
106,505
17,-1
149,554
362,531
358,554
360,528
355,521
344,553
117,506
363,551
