264,-1
26,-1
44,-1
215,-1
42,-1
24,-1
255,-1
250,-1
126,506
32,-1
64,-1
61,-1
261,-1
124,507
315,510
256,-1
21,-1
210,-1
257,-1
36,-1
37,-1
132,511
34,-1
310,505
121,507
27,-1
259,-1
207,-1
211,-1
49,-1
127,504
260,-1
248,-1
53,-1
54,-1
311,506
164,525
307,509
33,-1
5,-1
242,-1
2,-1
219,-1
233,-1
350,536
364,544
212,-1
105,507
319,505
51,-1
102,508
136,531
312,505
144,550
28,-1
137,534
361,543
161,545
4,-1
128,504
360,528
134,538
342,521
14,-1
58,-1
39,-1
142,561
238,-1
104,509
231,-1
114,506
13,-1
246,-1
154,538
331,504
253,-1
357,557
50,-1
356,562
133,540
220,-1
203,-1
113,510
35,-1
153,550
355,578
55,-1
303,505
320,507
41,-1
226,-1
151,541
348,559
240,-1
241,-1
243,-1
221,-1
326,506
52,-1
236,-1
228,-1
201,-1
321,505
234,-1
150,526
359,578
301,504
22,-1
245,-1
45,-1
328,509
149,581
122,504
235,-1
158,549
10,-1
341,521
23,-1
141,528
139,553
6,-1
9,-1
333,578
123,505
208,-1
110,509
46,-1
106,506
353,552
47,-1
152,531
109,509
218,-1
155,546
308,509
8,-1
145,526
60,-1
318,505
40,-1
12,-1
249,-1
56,-1
262,-1
38,-1
30,-1
112,505
108,511
230,-1
251,-1
57,-1
130,505
206,-1
202,-1
330,505
258,-1
25,-1
59,-1
7,-1
336,559
302,506
306,508
263,-1
346,590
107,505
125,508
140,526
338,599
213,-1
62,-1
335,556
135,587
252,-1
254,-1
63,-1
237,-1
351,526
1,-1
43,-1
313,510
247,-1
343,585
16,-1
239,-1
244,-1
101,507
223,-1
340,593
232,-1
20,-1
222,-1
214,-1
345,583
116,510
332,505
48,-1
323,509
334,593
120,508
227,-1
229,-1
322,510
347,521
314,511
349,562
352,532
15,-1
327,507
329,507
146,582
147,580
217,-1
354,538
337,537
205,-1
31,-1
225,-1
18,-1
115,511
11,-1
3,-1
317,509
325,505
118,505
224,-1
305,510
111,506
131,511
143,549
103,508
209,-1
160,593
156,589
29,-1
162,564
324,510
138,591
309,506
129,504
344,554
358,584
216,-1
204,-1
362,599
157,593
148,549
363,583
159,589
19,-1
163,574
17,-1
316,509
339,568
119,504
304,511
117,504
