252,-1
229,-1
246,-1
17,-1
235,-1
50,-1
204,-1
42,-1
247,-1
117,505
259,-1
41,-1
329,510
18,-1
59,-1
21,-1
61,-1
57,-1
304,511
8,-1
118,506
62,-1
121,506
43,-1
254,-1
260,-1
335,521
108,507
210,-1
51,-1
60,-1
255,-1
47,-1
9,-1
55,-1
35,-1
159,521
310,508
25,-1
157,521
109,506
346,538
213,-1
2,-1
142,536
232,-1
244,-1
352,546
313,505
19,-1
125,511
360,525
161,535
102,509
54,-1
332,509
150,550
38,-1
225,-1
211,-1
119,510
253,-1
347,553
1,-1
214,-1
222,-1
34,-1
311,507
325,509
355,537
101,506
322,505
11,-1
29,-1
230,-1
30,-1
314,511
242,-1
31,-1
162,557
48,-1
56,-1
129,508
131,504
111,511
330,510
37,-1
130,511
147,555
249,-1
219,-1
257,-1
263,-1
154,538
359,583
138,537
49,-1
319,506
151,568
238,-1
250,-1
46,-1
143,578
141,591
256,-1
206,-1
342,528
233,-1
215,-1
237,-1
33,-1
306,505
353,550
156,531
243,-1
15,-1
344,569
160,586
315,509
239,-1
115,504
227,-1
354,597
16,-1
363,531
12,-1
36,-1
155,592
135,592
216,-1
327,508
39,-1
116,508
14,-1
6,-1
52,-1
112,510
316,507
134,571
114,505
231,-1
349,551
64,-1
234,-1
146,542
106,510
23,-1
248,-1
331,507
220,-1
339,530
221,-1
24,-1
44,-1
320,504
123,508
245,-1
40,-1
124,505
26,-1
258,-1
27,-1
251,-1
321,511
126,504
3,-1
45,-1
357,575
127,506
5,-1
103,504
53,-1
4,-1
261,-1
58,-1
148,594
207,-1
343,562
104,505
338,579
105,510
241,-1
63,-1
307,506
205,-1
137,598
228,-1
348,539
224,-1
149,592
139,558
7,-1
136,565
356,588
305,509
324,506
133,585
350,596
328,511
226,-1
22,-1
264,-1
333,594
107,511
208,-1
337,595
20,-1
358,546
28,-1
122,508
10,-1
326,511
140,554
345,556
120,507
308,510
158,541
152,581
202,-1
128,510
240,-1
334,577
110,511
262,-1
201,-1
32,-1
218,-1
302,508
341,546
13,-1
236,-1
209,-1
364,530
318,506
301,509
212,-1
164,593
132,511
217,-1
144,585
113,510
163,558
340,521
309,511
153,572
223,-1
312,510
362,523
203,-1
145,582
317,511
336,520
361,578
303,504
323,508
351,592
