239,-1
259,-1
254,-1
47,-1
37,-1
256,-1
249,-1
12,-1
209,-1
216,-1
244,-1
33,-1
264,-1
309,504
204,-1
214,-1
63,-1
40,-1
316,508
112,511
58,-1
304,506
60,-1
257,-1
213,-1
314,509
262,-1
221,-1
236,-1
261,-1
205,-1
16,-1
321,504
53,-1
247,-1
313,510
116,504
356,531
24,-1
224,-1
305,509
243,-1
241,-1
201,-1
124,505
324,505
133,534
160,524
222,-1
354,546
344,539
359,549
10,-1
147,549
46,-1
301,511
322,507
251,-1
364,545
137,554
158,539
110,508
211,-1
343,521
140,546
361,535
339,565
54,-1
235,-1
225,-1
39,-1
163,554
311,509
21,-1
36,-1
325,505
52,-1
15,-1
121,504
153,545
237,-1
215,-1
115,504
220,-1
357,560
226,-1
315,504
41,-1
349,581
154,521
362,563
20,-1
320,508
210,-1
326,508
206,-1
25,-1
347,562
8,-1
120,507
306,504
310,507
341,559
246,-1
336,575
139,534
5,-1
125,510
11,-1
108,510
228,-1
219,-1
45,-1
233,-1
29,-1
337,534
319,504
111,508
105,511
129,504
30,-1
1,-1
328,511
32,-1
57,-1
130,504
202,-1
101,505
346,524
132,505
55,-1
61,-1
218,-1
302,506
136,559
43,-1
245,-1
230,-1
42,-1
59,-1
318,507
152,564
330,504
232,-1
51,-1
48,-1
145,533
27,-1
49,-1
238,-1
351,592
146,596
332,508
56,-1
335,585
23,-1
223,-1
9,-1
35,-1
127,511
31,-1
258,-1
141,574
212,-1
323,507
123,509
252,-1
217,-1
131,507
109,511
149,521
28,-1
312,508
44,-1
50,-1
234,-1
156,522
250,-1
317,510
253,-1
128,508
26,-1
260,-1
333,569
240,-1
17,-1
338,536
248,-1
62,-1
135,530
117,504
3,-1
142,553
126,511
64,-1
203,-1
6,-1
255,-1
334,522
157,574
303,504
34,-1
103,510
106,506
263,-1
207,-1
143,570
2,-1
242,-1
353,529
159,570
162,522
4,-1
307,507
348,526
229,-1
38,-1
104,504
102,510
7,-1
345,583
227,-1
329,506
350,545
14,-1
161,593
107,506
327,505
358,566
114,504
155,599
231,-1
208,-1
164,538
151,589
150,560
148,590
22,-1
363,533
138,522
331,508
13,-1
19,-1
308,510
122,506
18,-1
134,544
113,505
119,505
355,551
144,576
342,542
118,506
340,568
360,571
352,588
