16,-1
244,-1
238,-1
229,-1
64,-1
116,504
53,-1
249,-1
56,-1
329,505
208,-1
261,-1
10,-1
242,-1
58,-1
49,-1
35,-1
17,-1
54,-1
36,-1
308,509
217,-1
62,-1
240,-1
110,511
39,-1
264,-1
317,505
117,510
164,524
45,-1
231,-1
245,-1
19,-1
202,-1
37,-1
48,-1
215,-1
135,521
119,505
26,-1
331,509
302,507
15,-1
61,-1
126,504
233,-1
162,524
315,510
136,529
34,-1
115,507
30,-1
361,541
218,-1
219,-1
338,553
145,526
220,-1
318,504
232,-1
340,537
130,509
201,-1
320,505
29,-1
319,510
14,-1
333,521
301,505
129,504
4,-1
332,511
114,505
344,572
222,-1
204,-1
230,-1
243,-1
104,507
209,-1
156,572
236,-1
349,575
322,508
309,504
330,508
158,572
304,511
161,544
20,-1
342,577
148,555
262,-1
259,-1
206,-1
154,577
24,-1
32,-1
149,583
153,593
364,574
120,511
257,-1
132,505
306,509
345,573
343,528
124,510
211,-1
11,-1
258,-1
28,-1
203,-1
311,504
25,-1
241,-1
128,504
111,507
226,-1
139,594
38,-1
303,508
205,-1
125,508
137,589
44,-1
359,532
214,-1
326,509
41,-1
235,-1
305,508
134,582
227,-1
362,541
60,-1
216,-1
314,509
327,504
255,-1
263,-1
316,504
46,-1
253,-1
55,-1
228,-1
223,-1
207,-1
51,-1
22,-1
336,568
323,504
328,506
33,-1
122,504
307,507
23,-1
8,-1
1,-1
5,-1
63,-1
123,504
234,-1
141,533
101,505
252,-1
43,-1
108,509
212,-1
237,-1
105,510
42,-1
52,-1
2,-1
357,571
18,-1
335,545
247,-1
210,-1
312,510
118,504
250,-1
27,-1
57,-1
6,-1
102,511
47,-1
127,504
310,509
358,578
106,505
50,-1
155,547
256,-1
260,-1
9,-1
254,-1
7,-1
246,-1
341,583
138,579
239,-1
31,-1
40,-1
109,508
224,-1
144,580
12,-1
131,505
107,511
337,540
324,505
225,-1
112,505
157,530
213,-1
13,-1
355,577
59,-1
248,-1
3,-1
160,585
325,509
113,506
251,-1
21,-1
350,544
313,511
143,561
146,586
352,564
103,510
221,-1
363,592
133,580
360,540
121,510
152,564
353,594
356,545
347,562
354,544
334,579
321,510
339,542
147,558
346,547
163,586
151,599
351,524
140,546
150,559
142,580
159,534
348,534
