1,-1
244,-1
35,-1
234,-1
223,-1
245,-1
254,-1
256,-1
64,-1
49,-1
101,509
45,-1
4,-1
258,-1
9,-1
43,-1
323,511
216,-1
42,-1
104,506
264,-1
22,-1
41,-1
109,508
316,506
248,-1
25,-1
210,-1
122,506
205,-1
62,-1
236,-1
125,505
27,-1
145,522
243,-1
3,-1
37,-1
53,-1
310,511
127,506
305,511
260,-1
2,-1
103,507
364,524
348,520
255,-1
143,532
141,526
241,-1
17,-1
344,550
227,-1
246,-1
102,511
356,548
6,-1
334,554
164,550
117,508
47,-1
345,556
135,560
327,510
354,558
33,-1
24,-1
46,-1
106,511
226,-1
7,-1
36,-1
137,535
360,531
19,-1
18,-1
326,506
107,506
124,511
207,-1
242,-1
214,-1
55,-1
119,508
147,523
118,509
235,-1
307,507
218,-1
336,558
355,543
20,-1
250,-1
314,511
52,-1
162,565
204,-1
142,579
318,509
120,507
358,587
34,-1
149,593
155,520
304,507
38,-1
341,556
230,-1
263,-1
203,-1
342,529
30,-1
213,-1
215,-1
50,-1
343,580
208,-1
238,-1
303,508
330,511
130,508
202,-1
315,508
229,-1
313,511
136,553
134,524
308,510
212,-1
153,591
329,506
302,509
247,-1
346,579
240,-1
312,506
237,-1
249,-1
146,570
60,-1
23,-1
335,554
5,-1
15,-1
8,-1
40,-1
28,-1
105,504
123,507
115,505
14,-1
251,-1
350,559
128,506
108,509
220,-1
57,-1
51,-1
228,-1
114,508
58,-1
13,-1
320,506
54,-1
363,555
133,599
328,507
16,-1
48,-1
224,-1
261,-1
39,-1
150,557
113,511
116,506
221,-1
262,-1
239,-1
338,560
324,509
44,-1
233,-1
140,536
219,-1
321,508
206,-1
201,-1
56,-1
152,593
347,556
29,-1
361,520
10,-1
301,506
139,522
319,511
306,510
349,559
151,540
138,593
257,-1
129,510
110,509
211,-1
259,-1
217,-1
337,569
63,-1
311,504
148,540
160,570
61,-1
21,-1
253,-1
32,-1
317,509
252,-1
209,-1
59,-1
132,504
232,-1
339,543
121,509
309,505
225,-1
332,504
31,-1
157,570
340,593
11,-1
231,-1
131,504
26,-1
325,508
158,573
331,504
12,-1
111,507
222,-1
353,525
126,507
159,522
163,534
144,562
333,562
357,544
351,594
112,510
322,509
359,544
156,562
161,539
352,535
362,576
154,590
