44,-1
28,-1
32,-1
262,-1
236,-1
204,-1
128,504
251,-1
7,-1
245,-1
210,-1
132,508
29,-1
39,-1
59,-1
310,504
240,-1
304,511
107,509
242,-1
52,-1
129,508
54,-1
27,-1
252,-1
235,-1
219,-1
260,-1
63,-1
223,-1
225,-1
127,507
319,505
234,-1
323,504
228,-1
209,-1
362,533
64,-1
325,508
12,-1
23,-1
309,505
328,507
50,-1
139,531
58,-1
11,-1
340,531
17,-1
62,-1
112,510
123,510
237,-1
203,-1
163,526
360,528
111,509
117,508
36,-1
18,-1
258,-1
144,561
13,-1
303,509
159,550
118,505
243,-1
35,-1
232,-1
113,506
345,561
227,-1
43,-1
231,-1
332,505
334,542
41,-1
49,-1
56,-1
202,-1
42,-1
358,520
331,508
327,511
40,-1
249,-1
250,-1
136,528
351,581
218,-1
302,510
205,-1
220,-1
154,571
336,590
37,-1
239,-1
53,-1
34,-1
318,509
213,-1
352,577
305,510
164,565
320,511
257,-1
224,-1
313,506
342,589
206,-1
349,524
26,-1
150,568
324,506
343,547
306,505
126,504
201,-1
337,565
152,599
215,-1
135,553
335,597
301,505
241,-1
244,-1
141,549
16,-1
162,578
315,508
350,543
45,-1
20,-1
47,-1
158,588
51,-1
216,-1
208,-1
143,565
116,511
60,-1
156,562
120,509
254,-1
247,-1
316,508
3,-1
15,-1
308,510
8,-1
233,-1
57,-1
238,-1
339,556
103,507
14,-1
115,508
344,531
149,580
142,578
108,510
140,576
48,-1
9,-1
33,-1
21,-1
114,510
259,-1
25,-1
229,-1
109,506
151,535
31,-1
248,-1
46,-1
121,509
125,507
354,533
131,505
329,509
38,-1
357,575
256,-1
221,-1
134,585
153,587
264,-1
207,-1
137,592
338,536
255,-1
253,-1
307,504
55,-1
261,-1
321,511
147,562
6,-1
4,-1
160,558
263,-1
61,-1
212,-1
341,578
104,505
246,-1
24,-1
312,504
106,510
1,-1
230,-1
5,-1
353,520
146,538
10,-1
124,508
105,504
148,554
330,507
157,567
101,510
347,576
361,527
214,-1
110,509
30,-1
333,575
346,521
2,-1
226,-1
145,598
22,-1
356,549
130,507
314,510
359,567
102,507
133,572
326,508
211,-1
363,539
161,539
122,510
19,-1
217,-1
311,505
138,565
222,-1
364,561
155,555
119,506
317,506
322,504
348,579
355,563
