50,-1
249,-1
25,-1
213,-1
34,-1
215,-1
59,-1
263,-1
125,505
236,-1
237,-1
2,-1
228,-1
5,-1
313,510
35,-1
63,-1
315,511
102,506
61,-1
105,506
41,-1
262,-1
349,521
328,511
259,-1
220,-1
49,-1
134,523
256,-1
47,-1
28,-1
208,-1
23,-1
238,-1
16,-1
261,-1
320,510
308,505
128,507
123,506
150,540
363,534
116,507
11,-1
218,-1
18,-1
243,-1
51,-1
159,542
33,-1
161,531
57,-1
251,-1
203,-1
111,510
318,510
118,510
36,-1
19,-1
361,523
247,-1
222,-1
359,537
303,509
362,542
15,-1
13,-1
338,533
119,509
53,-1
115,504
60,-1
216,-1
322,511
40,-1
252,-1
157,524
343,530
113,511
316,506
20,-1
336,572
232,-1
239,-1
337,574
241,-1
205,-1
29,-1
347,527
120,508
211,-1
332,508
24,-1
163,577
141,573
260,-1
356,567
311,506
305,511
129,511
257,-1
37,-1
234,-1
44,-1
124,511
133,555
233,-1
7,-1
254,-1
223,-1
55,-1
149,584
107,504
135,598
147,584
21,-1
226,-1
26,-1
45,-1
43,-1
48,-1
323,511
126,504
248,-1
352,548
235,-1
121,510
326,510
230,-1
10,-1
341,544
160,559
27,-1
224,-1
140,559
351,582
136,578
151,589
110,508
330,510
38,-1
258,-1
127,509
324,509
39,-1
207,-1
1,-1
56,-1
54,-1
333,542
153,580
101,504
253,-1
354,544
202,-1
360,559
137,554
307,511
9,-1
250,-1
210,-1
144,557
225,-1
302,508
240,-1
109,506
339,582
145,548
255,-1
221,-1
325,507
310,510
12,-1
154,524
357,573
334,572
245,-1
231,-1
112,505
143,559
321,510
31,-1
8,-1
331,505
209,-1
138,544
242,-1
14,-1
108,505
62,-1
131,508
214,-1
309,507
358,551
42,-1
156,547
314,504
264,-1
155,587
114,511
3,-1
345,524
340,537
52,-1
17,-1
64,-1
22,-1
148,586
244,-1
103,508
117,505
122,504
58,-1
46,-1
335,588
142,520
219,-1
206,-1
227,-1
348,595
350,560
32,-1
246,-1
6,-1
327,505
342,538
132,504
319,510
306,510
201,-1
139,585
355,562
106,508
4,-1
30,-1
204,-1
229,-1
301,507
212,-1
130,504
104,506
329,504
344,533
217,-1
312,505
304,509
152,542
353,594
364,550
158,536
164,544
146,537
317,508
162,563
346,531
