242,-1
51,-1
23,-1
38,-1
59,-1
61,-1
259,-1
45,-1
5,-1
55,-1
123,507
263,-1
16,-1
206,-1
237,-1
29,-1
105,507
262,-1
116,505
306,505
246,-1
15,-1
247,-1
253,-1
244,-1
129,509
115,504
151,525
53,-1
159,524
36,-1
243,-1
64,-1
49,-1
255,-1
245,-1
225,-1
20,-1
252,-1
57,-1
216,-1
220,-1
342,541
239,-1
3,-1
316,504
227,-1
325,510
120,510
138,545
320,508
359,544
327,505
37,-1
224,-1
21,-1
103,511
226,-1
153,529
324,504
155,550
121,505
48,-1
326,505
161,558
337,550
26,-1
344,542
39,-1
149,535
4,-1
232,-1
339,528
2,-1
126,507
241,-1
104,505
249,-1
157,538
214,-1
218,-1
332,509
34,-1
35,-1
102,510
228,-1
314,506
346,566
13,-1
204,-1
318,509
6,-1
145,584
362,575
328,508
304,505
24,-1
256,-1
113,509
106,507
47,-1
124,504
347,579
31,-1
353,580
137,551
343,574
202,-1
52,-1
201,-1
363,598
234,-1
248,-1
58,-1
131,510
164,582
355,581
136,586
302,510
32,-1
301,510
14,-1
254,-1
341,547
233,-1
139,556
236,-1
114,505
132,508
43,-1
17,-1
345,595
352,593
251,-1
19,-1
205,-1
117,505
207,-1
348,525
260,-1
257,-1
148,578
119,507
212,-1
307,506
41,-1
305,510
203,-1
213,-1
240,-1
231,-1
312,507
250,-1
147,552
303,506
331,504
135,572
33,-1
40,-1
313,510
229,-1
349,583
56,-1
354,540
134,581
30,-1
12,-1
208,-1
152,559
329,508
130,504
50,-1
308,504
258,-1
112,507
351,541
333,551
215,-1
25,-1
235,-1
54,-1
28,-1
221,-1
60,-1
133,526
42,-1
125,507
209,-1
128,506
315,511
350,537
321,508
222,-1
356,595
217,-1
223,-1
219,-1
334,585
309,510
44,-1
22,-1
317,506
18,-1
322,510
230,-1
158,591
323,510
319,510
141,562
330,504
1,-1
122,510
118,509
357,572
62,-1
11,-1
238,-1
261,-1
101,507
46,-1
140,561
7,-1
111,506
336,596
264,-1
160,541
9,-1
142,541
143,598
63,-1
107,508
109,504
156,569
358,559
27,-1
210,-1
360,596
154,556
211,-1
162,524
8,-1
127,506
310,506
338,526
144,544
10,-1
335,566
340,597
364,523
150,577
311,511
110,505
108,511
361,535
146,534
163,525
