61,-1
17,-1
257,-1
4,-1
245,-1
254,-1
42,-1
11,-1
40,-1
261,-1
208,-1
233,-1
117,510
31,-1
104,510
262,-1
111,508
308,506
131,504
247,-1
64,-1
161,520
52,-1
13,-1
229,-1
44,-1
253,-1
36,-1
223,-1
51,-1
237,-1
202,-1
260,-1
329,508
113,510
207,-1
230,-1
30,-1
43,-1
323,510
219,-1
302,509
211,-1
130,505
50,-1
330,508
307,510
201,-1
311,505
29,-1
49,-1
203,-1
319,511
164,532
151,524
140,546
258,-1
301,509
303,506
16,-1
63,-1
129,511
347,542
38,-1
32,-1
361,555
360,533
116,507
14,-1
1,-1
362,554
2,-1
23,-1
114,504
357,571
242,-1
132,511
27,-1
149,527
101,509
102,508
123,508
345,577
136,555
243,-1
9,-1
47,-1
127,509
152,565
337,558
333,578
142,584
217,-1
20,-1
354,588
238,-1
45,-1
109,511
215,-1
317,506
222,-1
235,-1
48,-1
144,577
120,510
22,-1
315,507
342,531
3,-1
224,-1
322,509
248,-1
150,567
122,507
35,-1
353,588
46,-1
212,-1
252,-1
103,510
59,-1
324,511
33,-1
60,-1
213,-1
209,-1
312,508
255,-1
147,541
241,-1
358,573
313,506
163,571
249,-1
25,-1
143,596
7,-1
309,511
28,-1
259,-1
56,-1
107,504
125,507
5,-1
135,529
214,-1
239,-1
128,508
146,531
232,-1
138,586
105,507
39,-1
221,-1
21,-1
206,-1
314,510
133,534
34,-1
12,-1
332,510
227,-1
121,507
306,507
321,510
112,505
338,570
204,-1
210,-1
348,557
8,-1
240,-1
327,510
310,504
54,-1
62,-1
304,508
148,574
234,-1
226,-1
156,539
108,510
343,597
263,-1
58,-1
26,-1
250,-1
244,-1
145,591
246,-1
216,-1
326,511
159,571
41,-1
126,508
18,-1
316,505
335,595
264,-1
160,575
256,-1
352,582
24,-1
10,-1
118,508
251,-1
57,-1
236,-1
220,-1
15,-1
349,576
124,508
110,508
139,560
6,-1
115,505
339,569
320,508
53,-1
340,547
341,590
106,506
359,582
55,-1
355,596
141,531
231,-1
205,-1
225,-1
218,-1
228,-1
37,-1
154,557
331,506
305,506
363,551
351,530
325,508
19,-1
328,508
334,561
318,511
134,583
344,555
155,520
364,546
119,507
350,560
157,541
158,564
336,542
346,561
162,576
137,521
153,535
356,554
