262,-1
27,-1
207,-1
21,-1
51,-1
240,-1
56,-1
58,-1
127,506
307,506
252,-1
264,-1
4,-1
254,-1
237,-1
121,511
44,-1
230,-1
104,505
23,-1
32,-1
255,-1
238,-1
246,-1
330,506
6,-1
132,505
156,520
59,-1
31,-1
123,510
63,-1
52,-1
236,-1
106,508
40,-1
15,-1
131,507
209,-1
259,-1
364,528
241,-1
53,-1
151,538
17,-1
115,508
19,-1
38,-1
205,-1
309,510
239,-1
231,-1
119,505
117,508
163,522
47,-1
305,507
248,-1
202,-1
43,-1
355,538
36,-1
331,510
302,504
352,553
227,-1
144,549
340,561
338,545
362,568
337,555
158,563
327,506
5,-1
346,550
336,541
37,-1
220,-1
153,535
216,-1
359,540
105,507
41,-1
60,-1
320,506
223,-1
152,553
316,507
201,-1
243,-1
50,-1
136,529
339,541
13,-1
39,-1
208,-1
140,560
323,511
301,509
250,-1
143,540
113,507
211,-1
354,589
308,508
159,576
30,-1
221,-1
147,552
16,-1
3,-1
311,508
249,-1
232,-1
321,506
229,-1
35,-1
130,510
10,-1
332,505
341,578
116,511
103,511
329,507
258,-1
260,-1
138,578
110,508
48,-1
34,-1
20,-1
348,573
214,-1
150,542
210,-1
120,504
22,-1
257,-1
242,-1
247,-1
314,507
310,506
45,-1
8,-1
137,567
234,-1
122,509
135,530
18,-1
12,-1
62,-1
108,507
212,-1
160,569
112,504
118,506
261,-1
1,-1
55,-1
26,-1
312,507
233,-1
61,-1
46,-1
126,504
217,-1
245,-1
360,541
235,-1
101,511
33,-1
317,505
253,-1
24,-1
349,561
141,592
358,551
226,-1
213,-1
139,584
124,506
251,-1
206,-1
244,-1
256,-1
148,556
313,507
146,523
326,510
343,599
228,-1
2,-1
350,592
306,510
155,535
57,-1
29,-1
335,528
328,507
203,-1
347,560
102,509
353,529
11,-1
42,-1
303,505
129,509
162,556
134,578
28,-1
345,543
333,549
111,508
215,-1
342,575
128,505
54,-1
225,-1
7,-1
64,-1
145,577
222,-1
263,-1
344,539
325,506
315,511
224,-1
322,505
25,-1
107,510
204,-1
9,-1
49,-1
324,506
218,-1
142,530
357,598
14,-1
125,509
318,504
304,509
109,509
334,596
219,-1
114,506
157,549
133,575
361,590
319,504
154,532
363,527
164,531
351,570
356,568
149,521
161,592
