231,-1
251,-1
240,-1
220,-1
236,-1
64,-1
331,505
256,-1
239,-1
35,-1
243,-1
320,507
62,-1
211,-1
222,-1
246,-1
202,-1
204,-1
12,-1
242,-1
311,506
46,-1
63,-1
304,505
302,507
322,510
41,-1
56,-1
36,-1
112,510
48,-1
33,-1
336,527
44,-1
25,-1
215,-1
235,-1
37,-1
203,-1
14,-1
315,504
164,535
356,534
125,508
249,-1
262,-1
114,506
346,531
303,509
245,-1
162,537
45,-1
209,-1
13,-1
351,552
18,-1
17,-1
163,534
309,505
146,537
212,-1
117,504
118,506
342,543
113,510
10,-1
312,505
32,-1
349,523
248,-1
58,-1
110,505
5,-1
19,-1
136,545
260,-1
132,508
3,-1
156,550
340,576
105,507
54,-1
119,508
103,505
343,573
362,539
244,-1
335,550
27,-1
339,580
230,-1
224,-1
53,-1
208,-1
1,-1
330,504
42,-1
221,-1
308,504
135,589
127,511
158,530
216,-1
324,511
24,-1
148,574
101,511
144,573
207,-1
321,511
141,583
137,573
316,509
124,508
259,-1
232,-1
238,-1
15,-1
233,-1
307,510
237,-1
51,-1
34,-1
145,571
22,-1
115,507
213,-1
332,511
345,578
40,-1
122,505
133,599
43,-1
241,-1
344,547
219,-1
313,509
39,-1
60,-1
228,-1
59,-1
31,-1
52,-1
319,507
9,-1
247,-1
50,-1
328,507
131,506
201,-1
223,-1
348,581
254,-1
360,577
109,509
142,558
154,574
301,507
47,-1
323,508
4,-1
250,-1
49,-1
234,-1
263,-1
55,-1
258,-1
16,-1
229,-1
21,-1
104,509
341,537
38,-1
140,543
8,-1
210,-1
121,506
116,509
329,509
153,586
255,-1
29,-1
108,507
264,-1
310,508
23,-1
257,-1
218,-1
139,550
129,507
61,-1
143,558
227,-1
252,-1
123,508
318,507
6,-1
337,576
225,-1
7,-1
134,577
359,586
327,509
106,506
325,505
159,564
333,587
338,590
152,565
107,509
151,588
206,-1
147,553
350,551
2,-1
20,-1
57,-1
253,-1
306,506
261,-1
26,-1
205,-1
358,555
120,507
352,530
102,510
28,-1
150,580
364,544
126,508
160,591
347,585
305,510
161,542
138,561
214,-1
217,-1
128,510
30,-1
355,558
314,504
317,504
334,578
130,504
11,-1
361,525
357,559
226,-1
363,583
353,531
354,597
111,506
326,504
155,587
149,591
157,538
