53,-1
245,-1
221,-1
257,-1
64,-1
60,-1
38,-1
250,-1
39,-1
321,506
225,-1
227,-1
50,-1
228,-1
252,-1
235,-1
327,504
31,-1
328,504
23,-1
230,-1
325,510
51,-1
234,-1
59,-1
357,521
131,508
7,-1
330,507
153,528
123,510
62,-1
107,504
203,-1
242,-1
138,528
40,-1
206,-1
303,504
43,-1
26,-1
352,526
1,-1
164,538
16,-1
44,-1
306,508
41,-1
45,-1
116,504
126,509
229,-1
241,-1
231,-1
101,511
17,-1
151,533
254,-1
329,506
159,534
139,551
258,-1
36,-1
20,-1
117,508
331,511
28,-1
34,-1
47,-1
2,-1
48,-1
210,-1
256,-1
120,509
145,525
49,-1
128,509
220,-1
350,570
223,-1
102,510
160,575
320,504
310,511
342,549
345,583
323,506
54,-1
238,-1
150,576
35,-1
259,-1
144,546
13,-1
33,-1
244,-1
11,-1
148,526
113,504
22,-1
143,560
335,585
218,-1
147,534
149,528
249,-1
122,506
318,504
111,511
27,-1
211,-1
154,523
359,520
358,551
140,577
356,542
209,-1
334,593
127,508
311,508
341,567
162,589
309,505
205,-1
243,-1
219,-1
136,563
18,-1
141,580
32,-1
319,504
354,573
118,504
305,509
132,504
260,-1
25,-1
253,-1
58,-1
4,-1
344,544
37,-1
125,505
52,-1
57,-1
214,-1
134,578
236,-1
29,-1
6,-1
104,510
314,505
233,-1
19,-1
42,-1
46,-1
129,507
30,-1
119,504
353,521
106,510
135,570
237,-1
251,-1
130,506
222,-1
246,-1
56,-1
21,-1
202,-1
322,504
5,-1
152,528
137,531
302,504
121,506
14,-1
208,-1
239,-1
105,507
248,-1
338,592
133,587
213,-1
247,-1
349,579
217,-1
114,510
308,510
313,505
204,-1
262,-1
3,-1
255,-1
8,-1
317,508
304,505
158,558
103,505
351,535
224,-1
339,522
212,-1
261,-1
108,509
324,504
343,581
263,-1
264,-1
333,556
55,-1
201,-1
336,564
312,510
61,-1
9,-1
301,504
240,-1
232,-1
63,-1
346,553
109,505
362,530
332,504
207,-1
142,570
157,581
216,-1
15,-1
360,593
226,-1
156,563
307,507
347,548
24,-1
155,524
361,532
115,508
363,530
316,511
161,525
215,-1
326,511
10,-1
146,588
124,510
163,526
364,538
315,506
340,531
12,-1
355,557
337,589
348,572
110,510
112,504
