42,-1
64,-1
39,-1
58,-1
234,-1
232,-1
219,-1
53,-1
22,-1
218,-1
332,504
263,-1
261,-1
255,-1
319,507
217,-1
13,-1
24,-1
264,-1
122,510
318,510
317,505
59,-1
113,506
251,-1
124,507
249,-1
254,-1
258,-1
55,-1
52,-1
244,-1
212,-1
23,-1
334,529
363,523
209,-1
158,533
153,530
355,525
214,-1
231,-1
51,-1
312,510
309,507
123,511
54,-1
364,528
256,-1
314,508
358,521
9,-1
331,510
159,530
361,541
257,-1
204,-1
31,-1
5,-1
38,-1
252,-1
109,509
304,505
152,532
164,562
45,-1
349,539
32,-1
250,-1
131,511
105,511
229,-1
142,571
132,505
248,-1
154,528
357,520
151,534
329,506
210,-1
213,-1
351,556
18,-1
50,-1
222,-1
139,582
313,505
20,-1
205,-1
310,509
44,-1
118,508
28,-1
120,505
305,505
46,-1
322,511
354,569
350,529
239,-1
203,-1
128,508
206,-1
220,-1
221,-1
243,-1
201,-1
17,-1
155,578
306,506
344,578
303,510
117,504
321,508
29,-1
320,511
228,-1
301,510
11,-1
245,-1
129,505
138,561
356,573
25,-1
328,507
41,-1
27,-1
236,-1
125,504
111,510
8,-1
57,-1
49,-1
242,-1
37,-1
108,504
235,-1
19,-1
127,511
12,-1
48,-1
2,-1
145,576
119,505
215,-1
246,-1
253,-1
112,507
26,-1
352,588
3,-1
102,509
34,-1
6,-1
233,-1
315,510
208,-1
237,-1
106,504
61,-1
126,511
103,510
35,-1
335,526
149,531
247,-1
260,-1
308,510
339,568
241,-1
262,-1
224,-1
56,-1
62,-1
348,599
43,-1
333,521
144,586
336,550
240,-1
343,574
324,509
150,598
7,-1
33,-1
40,-1
238,-1
157,555
107,504
360,522
146,594
342,557
47,-1
211,-1
341,524
137,560
230,-1
345,577
227,-1
223,-1
311,506
1,-1
330,505
36,-1
148,563
327,506
323,506
16,-1
63,-1
4,-1
226,-1
141,585
202,-1
101,511
104,504
338,528
326,505
116,509
134,565
259,-1
225,-1
362,550
60,-1
15,-1
302,511
135,562
340,546
10,-1
21,-1
325,508
115,506
156,558
346,586
162,559
143,558
353,588
216,-1
121,508
110,510
14,-1
133,555
30,-1
316,505
136,539
160,521
140,559
359,526
161,587
207,-1
114,509
337,592
163,542
130,510
347,587
147,561
307,506
