256,-1
41,-1
264,-1
53,-1
205,-1
29,-1
244,-1
61,-1
62,-1
250,-1
255,-1
261,-1
60,-1
252,-1
28,-1
21,-1
305,511
129,511
40,-1
51,-1
30,-1
211,-1
247,-1
128,508
6,-1
121,509
4,-1
55,-1
16,-1
215,-1
130,509
52,-1
311,510
220,-1
106,509
239,-1
315,506
104,510
203,-1
116,510
151,520
320,507
45,-1
347,520
161,536
361,533
303,507
26,-1
27,-1
249,-1
355,539
227,-1
39,-1
35,-1
127,505
126,507
42,-1
58,-1
12,-1
153,555
155,532
327,509
162,553
9,-1
234,-1
112,506
50,-1
238,-1
356,567
219,-1
49,-1
206,-1
209,-1
109,509
248,-1
140,556
319,506
306,505
216,-1
309,506
233,-1
339,545
352,568
210,-1
364,581
226,-1
254,-1
37,-1
245,-1
202,-1
316,511
310,507
326,506
350,583
142,537
217,-1
302,506
344,590
241,-1
2,-1
141,598
349,551
1,-1
10,-1
317,508
20,-1
160,593
102,507
207,-1
258,-1
225,-1
120,505
101,509
110,509
5,-1
307,506
218,-1
145,574
325,507
152,587
38,-1
334,556
31,-1
105,508
139,571
318,508
8,-1
348,552
131,505
19,-1
236,-1
243,-1
333,551
229,-1
17,-1
338,567
108,509
135,583
329,504
119,509
47,-1
259,-1
228,-1
22,-1
137,556
117,510
237,-1
328,504
59,-1
354,562
32,-1
57,-1
235,-1
158,595
150,587
122,511
34,-1
63,-1
132,507
253,-1
149,589
23,-1
221,-1
240,-1
246,-1
44,-1
25,-1
204,-1
257,-1
321,506
46,-1
222,-1
123,510
231,-1
125,507
230,-1
36,-1
13,-1
201,-1
304,511
48,-1
322,509
43,-1
301,504
331,510
345,596
330,510
113,509
335,535
346,524
358,580
341,592
232,-1
251,-1
214,-1
260,-1
263,-1
136,520
54,-1
332,506
14,-1
144,535
314,507
242,-1
15,-1
64,-1
114,505
212,-1
11,-1
224,-1
359,568
159,562
56,-1
24,-1
312,506
262,-1
115,511
18,-1
124,504
111,510
138,599
324,511
143,539
223,-1
337,577
336,594
118,508
33,-1
342,524
323,505
157,578
343,599
134,575
163,575
7,-1
340,571
156,523
353,577
3,-1
146,568
147,599
213,-1
363,545
103,504
164,538
107,510
313,504
208,-1
154,549
360,553
357,581
362,535
308,504
351,559
148,573
133,527
