64,-1
62,-1
255,-1
18,-1
240,-1
45,-1
257,-1
246,-1
47,-1
258,-1
58,-1
221,-1
4,-1
17,-1
118,510
202,-1
60,-1
214,-1
104,505
234,-1
321,508
41,-1
213,-1
117,509
314,506
12,-1
243,-1
302,511
225,-1
42,-1
207,-1
59,-1
164,531
112,507
313,511
307,504
54,-1
357,530
1,-1
325,510
201,-1
252,-1
147,533
235,-1
30,-1
25,-1
242,-1
346,539
101,509
301,508
358,540
340,546
125,506
159,521
130,509
203,-1
48,-1
9,-1
162,556
334,539
303,504
28,-1
160,545
46,-1
205,-1
244,-1
259,-1
245,-1
109,510
204,-1
305,505
128,509
33,-1
55,-1
53,-1
237,-1
50,-1
145,571
227,-1
253,-1
304,510
24,-1
355,579
335,539
44,-1
218,-1
220,-1
158,576
141,566
11,-1
327,511
5,-1
124,510
318,507
111,504
320,508
105,504
34,-1
155,524
146,535
251,-1
337,525
23,-1
359,536
27,-1
352,563
15,-1
123,504
229,-1
148,552
6,-1
212,-1
142,582
329,504
127,509
353,535
343,589
209,-1
115,511
236,-1
106,509
26,-1
312,510
40,-1
262,-1
351,524
10,-1
29,-1
309,510
154,592
57,-1
144,546
110,505
126,511
56,-1
52,-1
261,-1
215,-1
129,510
344,573
342,593
21,-1
210,-1
248,-1
315,506
217,-1
31,-1
121,505
37,-1
310,506
239,-1
131,504
39,-1
133,580
43,-1
216,-1
317,510
16,-1
32,-1
153,584
134,562
22,-1
345,594
38,-1
316,508
132,506
116,508
122,505
233,-1
19,-1
241,-1
150,594
230,-1
232,-1
7,-1
238,-1
137,527
330,504
332,504
250,-1
119,510
254,-1
20,-1
208,-1
107,509
256,-1
63,-1
247,-1
120,505
226,-1
264,-1
140,567
139,539
308,509
2,-1
260,-1
326,506
8,-1
263,-1
211,-1
36,-1
35,-1
108,504
102,508
339,553
336,585
14,-1
61,-1
156,573
51,-1
354,528
311,511
224,-1
362,588
347,526
114,508
341,545
49,-1
338,542
249,-1
13,-1
157,590
333,553
324,510
356,538
348,581
219,-1
3,-1
152,592
113,508
143,575
228,-1
206,-1
138,569
361,597
319,508
360,540
151,527
306,505
103,511
328,508
222,-1
223,-1
231,-1
350,564
163,558
135,544
322,505
323,505
161,541
149,532
364,560
363,553
331,509
349,534
136,554
