10,-1
249,-1
243,-1
261,-1
234,-1
255,-1
64,-1
110,506
213,-1
28,-1
2,-1
240,-1
17,-1
262,-1
246,-1
128,505
313,507
238,-1
54,-1
117,506
102,509
256,-1
349,520
235,-1
39,-1
33,-1
12,-1
164,520
239,-1
40,-1
334,525
206,-1
236,-1
112,506
57,-1
232,-1
13,-1
355,531
25,-1
306,507
332,504
340,529
47,-1
231,-1
362,530
113,508
259,-1
125,508
346,533
331,505
46,-1
241,-1
204,-1
60,-1
41,-1
245,-1
139,531
63,-1
304,505
49,-1
219,-1
215,-1
42,-1
254,-1
31,-1
30,-1
147,523
34,-1
217,-1
319,508
226,-1
343,568
315,510
130,507
131,509
361,571
317,507
225,-1
27,-1
133,553
141,525
55,-1
326,511
127,504
3,-1
5,-1
214,-1
325,509
37,-1
43,-1
338,572
314,504
103,507
105,507
237,-1
248,-1
335,572
157,562
18,-1
140,569
149,540
163,543
253,-1
59,-1
58,-1
21,-1
201,-1
154,588
258,-1
356,587
118,511
359,564
121,506
205,-1
301,507
341,563
250,-1
7,-1
134,550
305,505
339,591
146,570
107,504
51,-1
142,561
35,-1
26,-1
8,-1
336,595
227,-1
155,548
229,-1
53,-1
126,506
38,-1
108,507
329,504
327,507
137,549
36,-1
224,-1
242,-1
350,525
345,587
22,-1
160,591
23,-1
251,-1
50,-1
324,508
122,505
233,-1
159,548
244,-1
218,-1
123,508
56,-1
45,-1
153,525
260,-1
354,596
358,552
211,-1
9,-1
32,-1
62,-1
318,511
52,-1
348,572
203,-1
337,575
207,-1
247,-1
109,509
311,511
132,510
48,-1
135,551
307,506
143,589
303,510
222,-1
252,-1
210,-1
61,-1
20,-1
322,504
257,-1
19,-1
310,505
14,-1
221,-1
120,506
119,504
151,570
220,-1
209,-1
353,594
342,556
321,507
158,595
156,544
114,511
44,-1
309,507
320,509
15,-1
352,524
208,-1
351,561
263,-1
264,-1
11,-1
136,573
16,-1
308,506
228,-1
138,582
115,511
6,-1
162,554
161,536
216,-1
116,508
111,511
106,505
344,572
328,510
230,-1
316,506
223,-1
144,527
4,-1
1,-1
330,505
333,583
152,568
202,-1
212,-1
357,551
104,507
323,510
29,-1
150,594
101,510
347,572
24,-1
302,509
129,505
145,591
312,511
124,504
364,540
148,576
360,594
363,544
