226,-1
19,-1
62,-1
260,-1
57,-1
20,-1
264,-1
326,506
119,506
247,-1
262,-1
120,505
257,-1
36,-1
232,-1
222,-1
40,-1
59,-1
32,-1
58,-1
33,-1
207,-1
332,507
249,-1
9,-1
227,-1
307,504
322,511
8,-1
132,510
327,504
360,527
60,-1
109,508
108,505
49,-1
220,-1
157,532
26,-1
212,-1
6,-1
55,-1
204,-1
320,506
46,-1
14,-1
312,506
56,-1
106,507
126,510
24,-1
304,508
52,-1
114,507
230,-1
5,-1
252,-1
248,-1
357,545
44,-1
105,504
124,510
149,526
241,-1
330,509
215,-1
11,-1
140,550
242,-1
362,558
235,-1
111,504
364,565
158,553
34,-1
315,509
256,-1
159,559
218,-1
162,576
160,547
3,-1
254,-1
347,573
54,-1
22,-1
103,504
10,-1
318,509
156,541
133,569
136,577
110,504
122,507
146,549
38,-1
134,521
245,-1
47,-1
341,535
18,-1
342,532
203,-1
155,561
349,580
236,-1
53,-1
31,-1
118,507
303,506
253,-1
219,-1
131,504
244,-1
37,-1
154,530
319,504
206,-1
43,-1
144,559
352,563
348,563
306,504
13,-1
138,528
224,-1
15,-1
240,-1
250,-1
208,-1
50,-1
113,507
213,-1
246,-1
324,508
115,508
345,538
308,507
51,-1
313,506
152,587
202,-1
147,543
233,-1
261,-1
214,-1
137,531
302,505
336,542
25,-1
211,-1
39,-1
314,506
29,-1
4,-1
61,-1
356,579
237,-1
48,-1
129,505
125,510
335,590
311,511
23,-1
243,-1
104,510
255,-1
251,-1
35,-1
28,-1
217,-1
7,-1
231,-1
354,590
123,510
317,504
238,-1
353,566
128,508
263,-1
331,507
229,-1
107,510
21,-1
161,528
41,-1
63,-1
329,505
350,559
258,-1
239,-1
201,-1
27,-1
64,-1
143,575
121,511
12,-1
127,504
153,591
301,507
340,572
2,-1
344,588
259,-1
42,-1
135,536
346,572
16,-1
112,511
223,-1
209,-1
102,509
234,-1
351,545
338,537
323,505
205,-1
309,506
116,510
358,529
150,589
333,577
228,-1
216,-1
141,538
30,-1
45,-1
1,-1
305,511
142,524
130,504
164,537
328,509
151,594
17,-1
316,511
210,-1
334,524
361,593
101,511
139,588
117,506
221,-1
148,584
225,-1
310,508
339,555
321,504
343,583
163,562
337,592
145,524
363,572
359,549
355,587
325,510
