23,-1
239,-1
256,-1
51,-1
254,-1
123,504
234,-1
263,-1
208,-1
241,-1
245,-1
209,-1
261,-1
243,-1
259,-1
30,-1
237,-1
238,-1
308,509
62,-1
64,-1
217,-1
309,510
34,-1
57,-1
130,509
36,-1
8,-1
46,-1
24,-1
61,-1
317,509
52,-1
361,520
207,-1
124,505
108,508
15,-1
359,523
54,-1
255,-1
307,506
10,-1
162,523
115,506
50,-1
212,-1
253,-1
218,-1
41,-1
363,542
110,508
47,-1
219,-1
345,543
312,508
136,529
157,532
318,509
58,-1
216,-1
319,507
134,538
17,-1
204,-1
233,-1
35,-1
227,-1
257,-1
316,508
117,506
354,566
304,507
154,533
327,506
334,568
339,574
44,-1
16,-1
211,-1
356,577
151,577
158,522
248,-1
116,505
343,571
223,-1
202,-1
311,508
38,-1
357,521
353,543
221,-1
164,572
244,-1
323,508
7,-1
18,-1
302,510
355,558
341,590
321,508
107,505
337,586
235,-1
118,507
59,-1
28,-1
236,-1
56,-1
31,-1
161,580
12,-1
338,595
220,-1
141,565
128,508
135,550
147,565
9,-1
146,591
320,506
131,511
231,-1
112,511
251,-1
348,542
109,507
152,595
333,563
1,-1
138,541
331,508
344,538
156,524
150,589
42,-1
60,-1
5,-1
335,534
2,-1
101,510
258,-1
27,-1
25,-1
105,506
203,-1
102,506
214,-1
144,571
6,-1
303,504
228,-1
127,509
63,-1
21,-1
125,511
336,548
314,509
328,506
210,-1
13,-1
106,511
230,-1
121,508
242,-1
113,504
246,-1
45,-1
330,505
310,509
232,-1
37,-1
43,-1
351,548
53,-1
215,-1
213,-1
39,-1
332,507
249,-1
247,-1
313,504
48,-1
20,-1
160,547
33,-1
315,510
260,-1
142,552
22,-1
159,584
120,507
240,-1
222,-1
145,526
206,-1
264,-1
4,-1
122,508
229,-1
252,-1
322,507
347,521
306,507
32,-1
104,507
329,506
143,534
250,-1
133,523
40,-1
201,-1
346,545
14,-1
137,542
132,510
358,574
340,524
349,538
26,-1
342,555
301,509
364,525
55,-1
114,510
126,505
225,-1
352,526
226,-1
224,-1
49,-1
262,-1
325,505
139,555
11,-1
29,-1
324,506
205,-1
326,509
148,556
163,586
140,530
19,-1
350,534
111,509
155,521
360,558
129,511
3,-1
305,511
153,575
119,508
362,520
149,522
103,505
