53,-1
259,-1
216,-1
239,-1
245,-1
52,-1
248,-1
230,-1
18,-1
43,-1
233,-1
30,-1
316,509
247,-1
59,-1
118,506
130,504
19,-1
330,510
41,-1
255,-1
5,-1
215,-1
232,-1
21,-1
119,507
339,522
105,505
206,-1
315,506
228,-1
222,-1
241,-1
121,508
347,520
231,-1
322,504
60,-1
328,507
306,510
159,525
4,-1
252,-1
238,-1
204,-1
42,-1
348,539
153,546
104,506
152,543
48,-1
359,549
254,-1
50,-1
22,-1
304,510
253,-1
56,-1
211,-1
2,-1
250,-1
36,-1
243,-1
122,508
332,540
205,-1
102,506
311,508
143,558
160,531
305,504
11,-1
341,539
221,-1
234,-1
17,-1
27,-1
251,-1
213,-1
111,507
33,-1
321,507
220,-1
345,578
117,508
313,506
333,575
1,-1
127,511
32,-1
235,-1
320,508
13,-1
12,-1
142,548
101,507
44,-1
210,-1
113,505
15,-1
141,580
6,-1
310,504
112,509
338,560
136,543
351,528
209,-1
115,508
106,507
20,-1
354,558
240,-1
24,-1
355,593
120,504
309,508
334,542
25,-1
124,505
352,577
37,-1
331,586
31,-1
58,-1
51,-1
224,-1
38,-1
353,571
125,510
28,-1
324,504
150,578
39,-1
226,-1
35,-1
128,505
47,-1
340,525
343,576
260,-1
326,506
10,-1
350,582
249,-1
203,-1
156,588
110,504
137,526
244,-1
148,599
8,-1
242,-1
303,507
132,564
207,-1
108,504
133,576
57,-1
49,-1
144,563
55,-1
246,-1
237,-1
34,-1
3,-1
225,-1
307,511
214,-1
227,-1
45,-1
201,-1
236,-1
202,-1
325,507
335,584
103,510
327,507
54,-1
301,507
314,511
302,507
23,-1
158,558
46,-1
256,-1
16,-1
40,-1
157,529
217,-1
208,-1
123,508
344,542
149,533
349,549
116,508
155,534
317,507
219,-1
308,508
257,-1
9,-1
212,-1
138,575
218,-1
145,534
29,-1
319,508
258,-1
7,-1
312,507
109,509
154,533
356,527
360,573
129,508
318,511
107,507
151,592
140,531
146,535
14,-1
139,588
131,599
357,523
336,552
229,-1
346,564
26,-1
114,507
342,577
223,-1
358,523
134,568
135,598
147,597
126,507
329,510
323,506
337,575
