11,-1
254,-1
209,-1
246,-1
252,-1
256,-1
58,-1
34,-1
52,-1
216,-1
309,507
111,510
231,-1
60,-1
35,-1
316,505
240,-1
3,-1
233,-1
59,-1
248,-1
9,-1
257,-1
50,-1
5,-1
103,507
249,-1
251,-1
46,-1
2,-1
109,508
105,506
13,-1
237,-1
354,532
211,-1
33,-1
113,504
31,-1
356,533
102,510
135,526
242,-1
311,507
45,-1
21,-1
134,538
28,-1
234,-1
245,-1
51,-1
10,-1
232,-1
346,549
159,534
121,509
158,549
357,534
128,510
160,545
26,-1
110,509
220,-1
218,-1
212,-1
352,560
340,549
320,504
126,507
255,-1
318,506
201,-1
312,507
41,-1
250,-1
4,-1
55,-1
351,549
208,-1
244,-1
133,543
301,509
104,506
6,-1
18,-1
308,506
236,-1
19,-1
202,-1
20,-1
48,-1
222,-1
348,571
302,504
118,509
106,511
120,506
322,505
37,-1
119,511
152,591
241,-1
145,557
15,-1
146,575
150,581
40,-1
331,594
342,565
226,-1
115,506
213,-1
349,585
53,-1
32,-1
333,596
230,-1
313,505
16,-1
345,569
326,510
42,-1
336,535
330,506
47,-1
44,-1
116,507
131,588
137,529
8,-1
151,579
24,-1
344,552
337,599
207,-1
108,505
124,504
334,588
238,-1
22,-1
235,-1
307,506
253,-1
205,-1
332,591
223,-1
239,-1
122,507
1,-1
7,-1
224,-1
219,-1
305,508
101,504
323,508
25,-1
324,505
228,-1
204,-1
107,509
125,504
54,-1
355,592
319,511
141,590
328,507
49,-1
304,508
56,-1
217,-1
153,556
350,596
258,-1
155,596
43,-1
338,536
229,-1
317,507
57,-1
148,588
341,578
17,-1
142,560
36,-1
38,-1
353,542
140,579
329,510
29,-1
215,-1
27,-1
210,-1
243,-1
117,511
154,532
259,-1
127,505
129,508
221,-1
247,-1
157,521
315,511
143,527
310,511
132,589
23,-1
321,507
39,-1
147,583
206,-1
123,504
136,527
227,-1
260,-1
156,545
306,505
335,575
343,524
144,592
358,546
225,-1
12,-1
149,555
214,-1
327,511
347,525
359,530
30,-1
138,543
14,-1
112,508
325,510
203,-1
314,509
114,504
130,507
360,522
139,529
339,591
303,506
