8,-1
259,-1
253,-1
229,-1
208,-1
108,504
240,-1
60,-1
53,-1
251,-1
308,505
29,-1
52,-1
3,-1
329,510
30,-1
209,-1
238,-1
16,-1
57,-1
103,506
255,-1
36,-1
129,511
130,508
231,-1
220,-1
227,-1
309,511
116,510
254,-1
50,-1
12,-1
327,505
205,-1
232,-1
54,-1
320,510
48,-1
160,531
234,-1
112,508
25,-1
152,530
218,-1
305,510
9,-1
207,-1
233,-1
44,-1
125,507
256,-1
331,526
307,505
318,509
109,508
20,-1
222,-1
42,-1
47,-1
252,-1
31,-1
153,553
33,-1
322,506
157,545
120,509
359,565
55,-1
235,-1
236,-1
246,-1
226,-1
239,-1
356,522
245,-1
353,573
326,504
27,-1
45,-1
202,-1
332,545
258,-1
333,534
127,505
340,578
355,564
10,-1
302,507
17,-1
41,-1
24,-1
354,561
46,-1
150,562
110,507
215,-1
203,-1
117,508
237,-1
28,-1
124,509
303,504
4,-1
338,586
315,508
351,596
147,547
213,-1
131,547
154,573
128,510
144,562
104,509
313,505
155,546
248,-1
223,-1
136,595
23,-1
345,544
346,549
35,-1
243,-1
241,-1
323,507
43,-1
201,-1
123,508
39,-1
249,-1
148,592
56,-1
32,-1
145,554
228,-1
301,508
334,596
49,-1
250,-1
51,-1
141,550
328,506
352,582
335,574
217,-1
6,-1
58,-1
142,589
21,-1
212,-1
317,505
106,505
337,553
210,-1
40,-1
247,-1
244,-1
121,508
38,-1
18,-1
339,587
312,511
133,599
336,593
7,-1
310,511
224,-1
59,-1
118,508
107,504
139,541
211,-1
324,505
260,-1
5,-1
146,582
2,-1
206,-1
216,-1
219,-1
358,598
311,509
105,507
143,557
316,505
37,-1
306,508
204,-1
102,511
1,-1
319,510
230,-1
304,504
26,-1
14,-1
13,-1
101,506
132,564
330,506
114,504
19,-1
126,507
113,506
158,556
135,582
214,-1
341,582
119,506
11,-1
149,571
257,-1
242,-1
137,526
348,597
34,-1
347,559
314,510
22,-1
151,578
221,-1
111,511
343,598
15,-1
360,549
321,504
122,507
349,596
115,504
140,573
225,-1
344,573
156,599
159,564
138,574
350,595
342,523
134,521
357,526
325,508
