19,-1
9,-1
37,-1
259,-1
216,-1
119,504
52,-1
109,505
24,-1
204,-1
316,505
50,-1
244,-1
124,504
56,-1
235,-1
207,-1
13,-1
304,508
46,-1
253,-1
41,-1
60,-1
245,-1
238,-1
113,507
256,-1
16,-1
307,511
241,-1
23,-1
260,-1
255,-1
252,-1
116,506
10,-1
359,532
247,-1
156,523
123,508
246,-1
353,520
335,526
231,-1
110,508
51,-1
25,-1
229,-1
146,528
47,-1
35,-1
258,-1
208,-1
38,-1
3,-1
329,507
236,-1
344,544
125,511
308,506
228,-1
103,506
34,-1
152,556
242,-1
36,-1
27,-1
26,-1
328,507
12,-1
137,567
346,530
126,504
355,540
249,-1
112,505
127,509
206,-1
251,-1
358,527
141,558
356,554
222,-1
150,571
29,-1
225,-1
306,508
322,504
135,537
33,-1
14,-1
31,-1
6,-1
129,508
345,570
360,563
21,-1
325,511
106,505
114,508
138,546
2,-1
347,564
341,573
338,579
239,-1
121,509
215,-1
331,564
102,507
39,-1
160,588
250,-1
202,-1
147,564
224,-1
8,-1
315,509
232,-1
45,-1
221,-1
324,505
42,-1
302,509
352,590
108,508
55,-1
57,-1
48,-1
7,-1
5,-1
321,510
151,586
351,554
205,-1
237,-1
107,506
131,545
254,-1
136,573
105,509
30,-1
349,567
20,-1
243,-1
305,510
17,-1
133,557
120,504
130,507
43,-1
336,594
59,-1
218,-1
117,507
1,-1
53,-1
342,592
11,-1
134,596
203,-1
145,541
101,506
142,540
318,510
155,538
49,-1
303,506
212,-1
217,-1
111,511
58,-1
32,-1
18,-1
354,535
240,-1
143,525
211,-1
118,504
317,509
312,511
337,545
214,-1
311,505
219,-1
234,-1
248,-1
54,-1
314,505
139,578
319,505
15,-1
339,586
159,540
226,-1
210,-1
332,577
115,505
22,-1
44,-1
233,-1
310,505
153,545
213,-1
122,505
4,-1
326,511
40,-1
257,-1
209,-1
334,524
350,598
201,-1
157,585
313,510
309,505
148,587
104,511
220,-1
348,532
158,548
230,-1
301,509
343,578
333,523
227,-1
223,-1
320,508
340,552
149,562
154,542
28,-1
330,510
357,524
323,507
327,509
132,563
128,505
140,530
144,539
