247,-1
35,-1
218,-1
18,-1
38,-1
3,-1
1,-1
318,504
118,504
43,-1
255,-1
101,504
46,-1
260,-1
15,-1
244,-1
103,510
256,-1
10,-1
19,-1
115,505
237,-1
59,-1
56,-1
110,505
57,-1
21,-1
208,-1
221,-1
201,-1
119,510
121,504
347,531
308,505
44,-1
33,-1
203,-1
321,508
51,-1
356,521
239,-1
301,511
49,-1
12,-1
220,-1
146,532
248,-1
355,536
303,511
112,505
156,526
225,-1
320,507
157,527
8,-1
45,-1
325,504
28,-1
40,-1
32,-1
143,550
240,-1
242,-1
236,-1
108,509
337,543
128,508
159,544
13,-1
233,-1
360,556
50,-1
344,556
31,-1
252,-1
113,506
246,-1
230,-1
2,-1
138,574
17,-1
245,-1
330,504
135,581
102,505
258,-1
254,-1
251,-1
209,-1
342,526
140,531
117,510
241,-1
340,531
234,-1
253,-1
30,-1
11,-1
211,-1
309,510
144,565
130,504
231,-1
132,543
346,527
311,506
111,508
226,-1
20,-1
336,545
37,-1
232,-1
345,530
151,574
120,505
341,522
48,-1
149,574
326,510
131,545
133,584
47,-1
224,-1
206,-1
145,568
238,-1
150,554
16,-1
324,505
217,-1
216,-1
348,584
116,504
306,509
243,-1
227,-1
210,-1
334,542
339,597
316,508
25,-1
317,511
22,-1
310,506
222,-1
327,509
202,-1
125,506
54,-1
122,506
322,505
52,-1
351,564
302,506
333,584
23,-1
42,-1
249,-1
214,-1
204,-1
9,-1
123,505
338,536
223,-1
53,-1
109,504
314,507
352,592
5,-1
24,-1
304,510
250,-1
323,508
257,-1
331,571
105,506
36,-1
6,-1
124,508
349,521
259,-1
358,595
148,565
229,-1
354,597
106,507
215,-1
353,591
332,576
7,-1
329,506
34,-1
55,-1
235,-1
60,-1
29,-1
315,509
207,-1
152,546
107,509
219,-1
129,505
212,-1
228,-1
39,-1
307,507
147,584
137,596
213,-1
328,505
58,-1
312,508
319,511
41,-1
4,-1
313,506
27,-1
134,525
154,569
343,584
160,525
104,506
205,-1
127,506
350,552
357,551
26,-1
155,534
136,551
335,535
153,565
359,550
14,-1
142,576
305,511
141,521
126,509
158,526
114,505
139,534
