44,-1
46,-1
220,-1
41,-1
39,-1
18,-1
212,-1
211,-1
320,505
259,-1
56,-1
45,-1
258,-1
58,-1
118,508
311,507
312,509
250,-1
244,-1
36,-1
209,-1
1,-1
208,-1
251,-1
60,-1
242,-1
101,504
206,-1
309,507
201,-1
55,-1
236,-1
27,-1
308,510
8,-1
301,505
306,508
10,-1
139,533
127,506
231,-1
108,506
136,522
110,505
28,-1
144,544
344,527
160,522
359,538
128,504
225,-1
221,-1
342,526
233,-1
351,530
325,504
321,504
358,544
5,-1
156,548
158,546
255,-1
31,-1
155,532
227,-1
105,506
232,-1
350,549
40,-1
249,-1
17,-1
42,-1
327,507
218,-1
226,-1
214,-1
117,505
9,-1
53,-1
207,-1
318,506
314,505
326,507
11,-1
146,582
307,505
109,508
19,-1
111,504
241,-1
235,-1
47,-1
119,504
246,-1
224,-1
253,-1
16,-1
29,-1
54,-1
141,595
245,-1
219,-1
50,-1
33,-1
145,592
324,510
116,509
22,-1
319,506
129,511
332,543
237,-1
21,-1
336,581
13,-1
122,507
37,-1
230,-1
2,-1
238,-1
113,505
346,527
330,504
49,-1
121,511
217,-1
216,-1
102,508
248,-1
355,567
24,-1
331,590
35,-1
317,507
239,-1
316,508
341,546
223,-1
20,-1
12,-1
34,-1
215,-1
124,511
120,504
257,-1
228,-1
32,-1
333,593
323,510
30,-1
112,510
240,-1
315,510
25,-1
130,504
328,509
142,584
256,-1
234,-1
131,596
140,591
252,-1
15,-1
247,-1
125,510
335,574
243,-1
153,588
57,-1
349,599
147,578
23,-1
203,-1
213,-1
115,511
137,558
353,580
48,-1
59,-1
303,506
123,508
357,536
154,583
313,509
7,-1
51,-1
222,-1
133,583
38,-1
254,-1
149,566
345,590
107,507
43,-1
322,507
205,-1
337,584
135,564
260,-1
3,-1
305,504
210,-1
150,599
334,544
348,575
6,-1
52,-1
338,587
310,506
356,551
26,-1
103,511
106,506
229,-1
204,-1
339,580
159,537
157,548
354,528
126,508
134,579
14,-1
329,508
304,508
352,562
4,-1
143,532
148,549
151,542
114,507
138,541
343,564
202,-1
347,569
104,508
132,588
340,584
302,504
152,531
360,540
