37,-1
236,-1
230,-1
44,-1
259,-1
59,-1
46,-1
235,-1
227,-1
237,-1
254,-1
18,-1
49,-1
330,510
10,-1
256,-1
24,-1
15,-1
242,-1
327,510
260,-1
110,506
118,510
115,505
34,-1
231,-1
124,509
42,-1
33,-1
21,-1
220,-1
159,525
144,528
212,-1
121,504
16,-1
320,505
337,527
8,-1
39,-1
354,529
116,505
246,-1
108,504
239,-1
312,511
216,-1
219,-1
335,540
43,-1
222,-1
208,-1
356,536
319,505
133,525
146,548
149,543
316,510
308,506
233,-1
359,555
5,-1
322,511
38,-1
346,521
22,-1
243,-1
57,-1
225,-1
51,-1
105,508
53,-1
360,551
58,-1
27,-1
137,574
122,510
17,-1
23,-1
127,504
325,511
11,-1
139,542
55,-1
207,-1
123,506
117,508
342,568
244,-1
111,507
209,-1
336,589
12,-1
134,568
333,534
245,-1
307,511
112,504
229,-1
30,-1
309,509
204,-1
29,-1
31,-1
211,-1
329,506
248,-1
218,-1
129,505
6,-1
130,510
311,506
142,584
304,511
251,-1
234,-1
318,508
157,549
151,548
48,-1
106,510
201,-1
339,577
35,-1
45,-1
331,599
143,576
41,-1
52,-1
214,-1
2,-1
228,-1
301,510
32,-1
314,504
19,-1
226,-1
223,-1
247,-1
138,575
215,-1
328,509
102,511
119,507
153,572
326,508
315,505
131,543
323,510
40,-1
36,-1
221,-1
232,-1
240,-1
13,-1
343,588
28,-1
145,532
14,-1
113,504
26,-1
3,-1
321,510
50,-1
253,-1
132,531
126,505
128,510
114,509
255,-1
158,596
103,509
250,-1
54,-1
348,567
252,-1
205,-1
344,588
155,594
345,583
241,-1
47,-1
4,-1
238,-1
305,507
249,-1
9,-1
60,-1
213,-1
334,573
104,507
217,-1
340,538
355,523
257,-1
109,508
317,504
141,569
313,509
56,-1
150,536
135,577
203,-1
148,583
258,-1
224,-1
210,-1
351,592
206,-1
350,536
353,545
332,558
303,509
152,584
324,508
306,506
202,-1
357,522
310,511
140,569
7,-1
20,-1
302,505
347,584
147,542
1,-1
120,504
154,553
341,547
107,508
338,546
101,505
25,-1
349,547
352,558
136,584
358,531
125,504
156,538
160,551
