58,-1
246,-1
15,-1
29,-1
54,-1
41,-1
50,-1
51,-1
23,-1
259,-1
115,507
129,507
245,-1
123,504
249,-1
208,-1
39,-1
223,-1
60,-1
239,-1
308,504
255,-1
12,-1
48,-1
55,-1
236,-1
49,-1
323,509
201,-1
220,-1
52,-1
232,-1
359,522
243,-1
112,511
301,506
241,-1
35,-1
5,-1
244,-1
320,510
158,540
37,-1
206,-1
105,505
45,-1
216,-1
11,-1
149,521
150,542
151,542
316,504
154,547
211,-1
306,510
34,-1
21,-1
332,525
111,510
217,-1
56,-1
24,-1
256,-1
121,506
311,510
148,541
339,546
346,565
124,506
213,-1
139,553
317,511
235,-1
46,-1
207,-1
160,556
26,-1
137,534
253,-1
19,-1
307,505
313,511
42,-1
135,545
40,-1
204,-1
349,571
126,510
221,-1
237,-1
231,-1
119,511
344,552
228,-1
4,-1
25,-1
304,510
345,584
31,-1
321,510
141,594
104,506
218,-1
226,-1
328,510
336,579
238,-1
125,511
225,-1
43,-1
227,-1
318,508
343,578
326,509
155,589
327,504
33,-1
355,595
44,-1
341,582
325,511
36,-1
247,-1
337,533
14,-1
152,594
214,-1
146,553
145,582
2,-1
6,-1
8,-1
131,533
1,-1
114,509
106,504
102,506
314,510
258,-1
108,507
28,-1
140,556
16,-1
101,509
356,581
219,-1
128,505
116,504
254,-1
347,526
319,504
3,-1
134,596
335,580
233,-1
156,594
32,-1
234,-1
142,575
57,-1
252,-1
47,-1
17,-1
103,511
331,573
257,-1
38,-1
240,-1
7,-1
117,506
202,-1
229,-1
353,593
251,-1
338,567
9,-1
107,507
53,-1
329,506
59,-1
20,-1
302,510
248,-1
109,507
133,567
358,546
13,-1
144,568
242,-1
143,579
10,-1
120,510
113,505
132,536
203,-1
224,-1
30,-1
230,-1
250,-1
205,-1
110,509
136,579
334,544
157,543
210,-1
303,510
260,-1
324,511
130,511
330,511
342,521
305,511
348,529
209,-1
212,-1
22,-1
310,511
351,543
357,552
312,504
309,506
18,-1
352,561
350,524
122,508
354,576
222,-1
27,-1
340,560
215,-1
333,575
147,569
118,510
153,555
127,506
138,568
159,556
360,530
322,511
315,509
