251,-1
252,-1
259,-1
244,-1
7,-1
26,-1
52,-1
236,-1
25,-1
257,-1
258,-1
24,-1
207,-1
230,-1
107,509
16,-1
59,-1
126,511
125,509
234,-1
231,-1
307,508
124,510
330,509
208,-1
116,509
34,-1
245,-1
48,-1
241,-1
43,-1
51,-1
32,-1
217,-1
308,509
58,-1
56,-1
31,-1
14,-1
248,-1
358,529
317,507
351,541
206,-1
331,523
246,-1
42,-1
114,508
243,-1
237,-1
247,-1
18,-1
306,508
232,-1
219,-1
148,526
359,553
151,525
17,-1
344,555
221,-1
12,-1
118,510
319,508
235,-1
152,558
117,507
112,505
321,507
253,-1
55,-1
213,-1
254,-1
37,-1
159,557
357,565
343,527
214,-1
334,558
4,-1
156,543
313,509
314,504
134,556
47,-1
143,554
212,-1
8,-1
104,508
220,-1
352,588
348,551
108,504
13,-1
320,504
312,508
142,549
20,-1
345,570
113,505
27,-1
23,-1
210,-1
336,595
337,554
127,504
120,508
310,504
204,-1
242,-1
158,574
123,509
22,-1
9,-1
341,584
28,-1
38,-1
304,508
33,-1
347,568
353,550
128,505
122,509
109,509
132,591
346,579
202,-1
228,-1
131,590
44,-1
21,-1
302,504
46,-1
218,-1
335,569
39,-1
249,-1
328,509
239,-1
233,-1
260,-1
121,510
29,-1
318,509
11,-1
35,-1
41,-1
222,-1
6,-1
201,-1
129,507
332,597
50,-1
49,-1
19,-1
111,510
40,-1
322,509
106,509
155,588
137,586
301,511
209,-1
119,508
205,-1
139,529
3,-1
354,594
309,505
146,536
349,533
10,-1
60,-1
53,-1
305,509
147,590
45,-1
103,510
224,-1
36,-1
110,508
144,551
135,536
216,-1
240,-1
324,506
339,547
342,577
57,-1
140,532
150,537
316,507
250,-1
238,-1
223,-1
229,-1
54,-1
203,-1
255,-1
15,-1
256,-1
138,584
226,-1
323,508
360,563
303,507
329,510
115,507
2,-1
133,590
157,521
149,557
225,-1
350,520
326,511
102,506
1,-1
211,-1
333,578
325,506
136,540
160,548
153,548
5,-1
154,527
215,-1
227,-1
311,509
101,511
105,505
30,-1
340,546
327,505
141,586
338,540
145,558
315,510
356,536
130,507
355,540
