244,-1
213,-1
16,-1
234,-1
58,-1
254,-1
51,-1
222,-1
313,506
59,-1
260,-1
116,508
45,-1
41,-1
49,-1
322,507
7,-1
243,-1
242,-1
28,-1
253,-1
259,-1
235,-1
20,-1
225,-1
6,-1
158,521
107,510
120,504
37,-1
159,520
128,511
207,-1
325,508
204,-1
38,-1
226,-1
106,511
344,537
149,524
304,505
307,508
2,-1
40,-1
25,-1
209,-1
354,540
246,-1
326,511
102,506
125,505
221,-1
309,506
249,-1
3,-1
236,-1
228,-1
4,-1
353,537
103,504
359,538
321,509
1,-1
328,506
335,541
104,507
141,552
101,504
211,-1
53,-1
47,-1
237,-1
360,561
245,-1
255,-1
151,568
240,-1
311,508
11,-1
145,566
35,-1
230,-1
224,-1
343,565
140,540
256,-1
111,507
334,583
26,-1
223,-1
39,-1
324,508
330,510
203,-1
218,-1
250,-1
241,-1
126,508
232,-1
323,509
303,506
318,506
342,583
208,-1
153,534
227,-1
346,558
220,-1
214,-1
206,-1
231,-1
137,581
308,508
327,507
306,504
314,506
138,580
320,509
337,546
356,533
22,-1
46,-1
8,-1
349,569
336,568
42,-1
32,-1
202,-1
238,-1
55,-1
122,509
108,508
15,-1
215,-1
50,-1
341,538
251,-1
302,509
247,-1
19,-1
315,506
355,566
205,-1
115,510
33,-1
219,-1
257,-1
119,507
233,-1
332,550
305,507
48,-1
132,525
56,-1
212,-1
43,-1
34,-1
319,511
139,567
10,-1
135,579
312,506
36,-1
29,-1
110,504
350,569
201,-1
44,-1
27,-1
252,-1
147,599
345,597
129,508
127,504
340,597
12,-1
338,547
133,532
301,511
148,527
143,524
54,-1
239,-1
155,553
112,508
14,-1
24,-1
17,-1
146,566
57,-1
134,533
52,-1
114,506
258,-1
60,-1
124,508
210,-1
136,534
117,510
248,-1
347,561
30,-1
154,520
229,-1
217,-1
142,579
310,509
31,-1
5,-1
331,598
329,506
317,506
130,510
152,521
18,-1
333,566
9,-1
144,549
21,-1
105,510
23,-1
216,-1
339,539
118,508
348,524
150,590
109,509
121,508
358,534
123,508
316,508
156,577
13,-1
357,586
351,597
352,565
157,546
113,504
131,530
160,544
